% -------------------------------------------------------------------
%  Generated by MATLAB on 13-Oct-2021 16:30:17
%  MATLAB version: 9.10.0.1739362 (R2021a) Update 5
% -------------------------------------------------------------------
                                         

bestChromosome = [-3.5946652172018192 1.1647598141574003 -0.061096684951268188 ...
                            0.1626426828929286 2.0831298631430357 -2.0630890186843653 ...
                            -1.3154633479430355 -0.11361738524841414 -0.92649579784647651 ...
                            -2.4471724513439632 3.479286042913369 -2.7463622443525884 ...
                            -3.112924774741451 -0.38414824312417917 1.2134123196264968 ...
                            -3.5701259064037294 0.55823086151412316 4.6301518172005061 ...
                            -0.87117006172985767 3.4332875397636613 0.70944049197274683 ...
                            -0.49116967631703368 -1.5958172870783258 2.9243990539192595 ...
                            -4.4283646420136211 -0.94138759959793816 -3.169282929609043 ...
                            2.6359831355852208 3.5764897797983046 -3.5756077668363817 ...
                            4.929303358653609 -0.82748247370967576 4.7420591499301317 ...
                            -2.4249086339606327 -3.4196921718328888 4.3599411905346539 ...
                            -2.551562808826433 -3.9350220660601263 -2.3525980362685193 ...
                            -3.7611530615823572 -1.3860509727648562 0.24077528619959576 ...
                            -2.4882934732936168 4.0869747926866609 -1.8313286354092884 ...
                            3.79315471338165 2.4220354221430238 1.2693893253946973 ...
                            3.7068811561097306 4.94330058208017 -3.0350471131114478 ...
                            0.70260719570347985 -3.1820204365861038 -1.9481259801345985 ...
                            2.1223437414455386 -3.6709884261080084 2.0344169009701147 ...
                            -1.1581100382201335 4.0598652448301351 -0.50999641959025066 ...
                            -2.1749320401728243 -0.19922848299931939];

